2.000000
2.000000
2.000000
2.000000
1.999999
1.999998
1.999996
1.999993
1.999987
1.999980
1.999969
1.999955
1.999936
1.999912
1.999882
1.999844
1.999798
1.999742
1.999676
1.999598
1.999507
1.999400
1.999278
1.999137
1.998977
1.998795
1.998591
1.998361
1.998105
1.997819
1.997503
1.997153
1.996768
1.996345
1.995881
1.995375
1.994824
1.994225
1.993576
1.992873
1.992115
1.991297
1.990418
1.989474
1.988462
1.987379
1.986222
1.984988
1.983672
1.982273
1.980785
1.979207
1.977534
1.975762
1.973889
1.971910
1.969821
1.967619
1.965300
1.962859
1.960294
1.957599
1.954771
1.951806
1.948700
1.945448
1.942046
1.938490
1.934776
1.930900
1.926857
1.922642
1.918253
1.913684
1.908931
1.903989
1.898855
1.893524
1.887992
1.882254
1.876307
1.870145
1.863765
1.857163
1.850334
1.843274
1.835980
1.828447
1.820671
1.812648
1.804376
1.795849
1.787064
1.778018
1.768708
1.759129
1.749279
1.739155
1.728754
1.718072
1.707107
1.695856
1.684318
1.672490
1.660369
1.647954
1.635243
1.622235
1.608928
1.595321
1.581413
1.567204
1.552694
1.537881
1.522766
1.507350
1.491633
1.475617
1.459301
1.442688
1.425779
1.408577
1.391085
1.373304
1.355237
1.336890
1.318264
1.299366
1.280198
1.260766
1.241075
1.221131
1.200941
1.180511
1.159847
1.138957
1.117849
1.096532
1.075014
1.053303
1.031411
1.009346
0.987120
0.964743
0.942227
0.919584
0.896826
0.873966
0.851017
0.827994
0.804910
0.781780
0.758620
0.735445
0.712272
0.689116
0.665996
0.642928
0.619930
0.597022
0.574221
0.551547
0.529019
0.506658
0.484483
0.462516
0.440778
0.419290
0.398073
0.377151
0.356544
0.336276
0.316369
0.296847
0.277733
0.259049
0.240820
0.223068
0.205819
0.189094
0.172919
0.157317
0.142312
0.127926
0.114185
0.101110
0.088726
0.077055
0.066120
0.055943
0.046546
0.037951
0.030179
0.023251
0.017187
0.012006
0.007729
0.004372
0.001954
0.000491
0.000000
0.000496
0.001993
0.004505
0.008044
0.012621
0.018246
0.024930
0.032679
0.041501
0.051400
0.062381
0.074446
0.087597
0.101834
0.117155
0.133556
0.151033
0.169579
0.189186
0.209845
0.231543
0.254268
0.278004
0.302735
0.328441
0.355102
0.382696
0.411199
0.440583
0.470821
0.501883
0.533737
0.566349
0.599683
0.633702
0.668366
0.703633
0.739462
0.775806
0.812619
0.849852
0.887456
0.925378
0.963566
1.001963
1.040515
1.079164
1.117849
1.156512
1.195090
1.233522
1.271743
1.309689
1.347296
1.384497
1.421226
1.457416
1.493001
1.527912
1.562083
1.595447
1.627936
1.659484
1.690024
1.719491
1.747821
1.774950
1.800815
1.825355
1.848510
1.870222
1.890435
1.909094
1.926147
1.941544
1.955237
1.967181
1.977335
1.985658
1.992115
1.996672
1.999301
1.999976
1.998673
1.995375
1.990068
1.982741
1.973387
1.962006
1.948600
1.933176
1.915747
1.896328
1.874941
1.851613
1.826374
1.799260
1.770313
1.739578
1.707107
1.672954
1.637182
1.599855
1.561044
1.520823
1.479274
1.436480
1.392530
1.347517
1.301538
1.254695
1.207092
1.158839
1.110047
1.060831
1.011309
0.961603
0.911836
0.862132
0.812619
0.763425
0.714680
0.666514
0.619059
0.572445
0.526803
0.482264
0.438956
0.397008
0.356544
0.317689
0.280563
0.245285
0.211968
0.180723
0.151656
0.124869
0.100457
0.078513
0.059119
0.042356
0.028294
0.016999
0.008528
0.002931
0.000249
0.000516
0.003757
0.009987
0.019215
0.031436
0.046641
0.064806
0.085902
0.109887
0.136710
0.166312
0.198621
0.233557
0.271031
0.310943
0.353184
0.397635
0.444169
0.492650
0.542933
0.594866
0.648289
0.703033
0.758925
0.815783
0.873420
0.931645
0.990261
1.049068
1.107861
1.166433
1.224577
1.282082
1.338738
1.394335
1.448664
1.501518
1.552694
1.601989
1.649209
1.694162
1.736664
1.776536
1.813608
1.847720
1.878717
1.906459
1.930814
1.951661
1.968895
1.982419
1.992154
1.998032
2.000000
1.998022
1.992075
1.982155
1.968270
1.950448
1.928732
1.903182
1.873874
1.840902
1.804376
1.764421
1.721180
1.674811
1.625488
1.573398
1.518743
1.461741
1.402619
1.341618
1.278991
1.215000
1.149915
1.084017
1.017592
0.950932
0.884335
0.818099
0.752527
0.687922
0.624584
0.562814
0.502905
0.445148
0.389827
0.337217
0.287582
0.241178
0.198245
0.159013
0.123693
0.092483
0.065559
0.043082
0.025192
0.012006
0.003622
0.000113
0.001528
0.007895
0.019215
0.035463
0.056592
0.082526
0.113167
0.148387
0.188039
0.231946
0.279909
0.331706
0.387093
0.445802
0.507546
0.572019
0.638896
0.707837
0.778486
0.850473
0.923420
0.996937
1.070627
1.144089
1.216917
1.288706
1.359052
1.427555
1.493820
1.557463
1.618107
1.675391
1.728969
1.778512
1.823711
1.864279
1.899954
1.930498
1.955701
1.975383
1.989394
1.997618
1.999969
1.996398
1.986890
1.971464
1.950179
1.923126
1.890435
1.852271
1.808832
1.760355
1.707107
1.649388
1.587531
1.521896
1.452870
1.380869
1.306327
1.229702
1.151468
1.072115
0.992146
0.912071
0.832405
0.753669
0.676380
0.601051
0.528188
0.458284
0.391820
0.329256
0.271031
0.217560
0.169229
0.126393
0.089374
0.058456
0.033885
0.015865
0.004557
0.000078
0.002497
0.011837
0.028072
0.051127
0.080878
0.117155
0.159736
0.208355
0.262699
0.322411
0.387093
0.456305
0.529573
0.606387
0.686206
0.768464
0.852570
0.937915
1.023874
1.109812
1.195090
1.279067
1.361104
1.440574
1.516862
1.589373
1.657533
1.720799
1.778659
1.830640
1.876307
1.915273
1.947199
1.971799
1.988840
1.998148
1.999609
1.993170
1.978839
1.956689
1.926857
1.889540
1.845001
1.793560
1.735601
1.671559
1.601927
1.527245
1.448102
1.365129
1.278991
1.190389
1.100049
1.008718
0.917157
0.826137
0.736430
0.648804
0.564015
0.482802
0.405879
0.333930
0.267600
0.207492
0.154160
0.108104
0.069762
0.039509
0.017654
0.004431
0.000000
0.004445
0.017772
0.039904
0.070687
0.109887
0.157190
0.212210
0.274481
0.343473
0.418587
0.499161
0.584481
0.673780
0.766249
0.861043
0.957287
1.054088
1.150536
1.245722
1.338738
1.428691
1.514709
1.595952
1.671617
1.740951
1.803254
1.857890
1.904291
1.941967
1.970506
1.989587
1.998977
1.998536
1.988223
1.968093
1.938300
1.899096
1.850829
1.793943
1.728969
1.656527
1.577316
1.492112
1.401756
1.307149
1.209243
1.109032
1.007540
0.905813
0.804910
0.705885
0.609783
0.517627
0.430405
0.349060
0.274481
0.207492
0.148841
0.099192
0.059119
0.029097
0.009495
0.000573
0.002475
0.015230
0.038748
0.072819
0.117118
0.171202
0.234517
0.306403
0.386100
0.472755
0.565429
0.663110
0.764722
0.869136
0.975184
1.081669
1.187381
1.291111
1.391663
1.487867
1.578598
1.662783
1.739420
1.807583
1.866444
1.915273
1.953454
1.980493
1.996022
1.999809
1.991756
1.971910
1.940454
1.897716
1.844160
1.780381
1.707107
1.625181
1.535562
1.439304
1.337555
1.231536
1.122528
1.011859
0.900889
0.790987
0.683523
0.579843
0.481257
0.389019
0.304313
0.228237
0.161786
0.105842
0.061158
0.028350
0.007885
0.000078
0.005081
0.022882
0.053306
0.096011
0.150494
0.216095
0.292005
0.377274
0.470821
0.571451
0.677866
0.788684
0.902452
1.017671
1.132810
1.246331
1.356705
1.462437
1.562083
1.654272
1.737725
1.811273
1.873874
1.924629
1.962796
1.987799
1.999241
1.996911
1.980785
1.951032
1.908012
1.852271
1.784538
1.705717
1.616871
1.519213
1.414090
1.302960
1.187381
1.068982
0.949442
0.830470
0.713776
0.601051
0.493936
0.394005
0.302735
0.221488
0.151490
0.093807
0.049333
0.018773
0.002632
0.001205
0.014568
0.042582
0.084885
0.140902
0.209845
0.290731
0.382387
0.483474
0.592498
0.707837
0.827761
0.950462
1.074074
1.196708
1.316477
1.431527
1.540064
1.640385
1.730901
1.810170
1.876911
1.930036
1.968661
1.992125
2.000000
1.992105
1.968505
1.929516
1.875701
1.807861
1.727030
1.634454
1.531576
1.420014
1.301538
1.178038
1.051499
0.923968
0.797520
0.674226
0.556115
0.445148
0.343177
0.251918
0.172919
0.107536
0.056905
0.021923
0.003232
0.001205
0.015934
0.047235
0.094639
0.157402
0.234517
0.324725
0.426538
0.538259
0.658013
0.783773
0.913401
1.044674
1.175332
1.303110
1.425779
1.541187
1.647295
1.742216
1.824245
1.891896
1.943928
1.979366
1.997525
1.998022
1.980785
1.946060
1.894404
1.826683
1.744055
1.647954
1.540064
1.422294
1.296742
1.165659
1.031411
0.896435
0.763196
0.634140
0.511653
0.398011
0.295341
0.205580
0.130436
0.071355
0.029494
0.005691
0.000455
0.013947
0.045979
0.096011
0.163159
0.246213
0.343651
0.453671
0.574221
0.703033
0.837673
0.975577
1.114105
1.250591
1.382393
1.506944
1.621804
1.724707
1.813608
1.886725
1.942572
1.979996
1.998200
1.996761
1.975642
1.935194
1.876155
1.799637
1.707107
1.600357
1.481478
1.352814
1.216917
1.076502
0.934388
0.793446
0.656537
0.526457
0.405879
0.297294
0.202964
0.124869
0.064667
0.023657
0.002747
0.002437
0.022799
0.063478
0.123693
0.202253
0.297574
0.407713
0.530405
0.663110
0.803061
0.947324
1.092857
1.236575
1.375416
1.506403
1.626713
1.733736
1.825133
1.898890
1.953359
1.987305
1.999925
1.990879
1.960294
1.908767
1.837356
1.747560
1.641289
1.520823
1.388770
1.248005
1.101612
0.952815
0.804910
0.661188
0.524867
0.399015
0.286480
0.189830
0.111287
0.052675
0.015381
0.000314
0.007885
0.037994
0.090024
0.162858
0.254896
0.364090
0.487987
0.623784
0.768388
0.918488
1.070627
1.221285
1.366956
1.504234
1.629890
1.740951
1.834771
1.909094
1.962113
1.992513
1.999507
1.982857
1.942886
1.880473
1.797036
1.694501
1.575262
1.442124
1.298241
1.147041
0.992146
0.837285
0.686206
0.542584
0.409930
0.291506
0.190245
0.108673
0.048846
0.012299
0.000000
